{
 "cells": [
  {
   "cell_type": "markdown",
   "metadata": {},
   "source": [
    "# ORTHOGONALITY"
   ]
  },
  {
   "cell_type": "markdown",
   "metadata": {},
   "source": [
    "02/04/2020\n",
    "\n",
    "Francesca Mazzia\n",
    "\n",
    "license: Creative Commons non-commercial not derivative works - 2.5 Italy License http://creativecommons.org/licenses/by-nc-nd/2.5/it/"
   ]
  },
  {
   "cell_type": "markdown",
   "metadata": {},
   "source": [
    "###  Orthogonal  matrices"
   ]
  },
  {
   "cell_type": "code",
   "execution_count": 3,
   "metadata": {},
   "outputs": [
    {
     "name": "stdout",
     "output_type": "stream",
     "text": [
      "Orthogonal Random matrix: \n",
      " [[ 0.62589038  0.6841015  -0.37452152]\n",
      " [-0.65810236  0.72095288  0.21709035]\n",
      " [-0.4185242  -0.11059873 -0.90144629]]\n"
     ]
    }
   ],
   "source": [
    "import scipy as sp\n",
    "import numpy as np\n",
    "import  scipy.stats as sst\n",
    "\n",
    "M = sst.ortho_group.rvs(dim=3)\n",
    "print('Orthogonal Random matrix: \\n',M)"
   ]
  },
  {
   "cell_type": "code",
   "execution_count": 4,
   "metadata": {},
   "outputs": [
    {
     "name": "stdout",
     "output_type": "stream",
     "text": [
      "dot product: \n",
      " [[ 1.00000000e+00  3.17245606e-16 -2.87031034e-16]\n",
      " [ 3.17245606e-16  1.00000000e+00  3.62609674e-17]\n",
      " [-2.87031034e-16  3.62609674e-17  1.00000000e+00]]\n"
     ]
    }
   ],
   "source": [
    "print('dot product: \\n', np.dot(M,M.T))\n",
    "# M M^T = I identity matrix  M^T is the inverse of an orthogonal matrix (orthogonal matrix square matrix)"
   ]
  },
  {
   "cell_type": "code",
   "execution_count": 5,
   "metadata": {},
   "outputs": [
    {
     "name": "stdout",
     "output_type": "stream",
     "text": [
      "dot product: \n",
      " [[ 1.00000000e+00 -1.76397504e-16  1.68163182e-16]\n",
      " [-1.76397504e-16  1.00000000e+00  1.51147617e-16]\n",
      " [ 1.68163182e-16  1.51147617e-16  1.00000000e+00]]\n"
     ]
    }
   ],
   "source": [
    "print('dot product: \\n', np.dot(M.T,M))\n",
    "# M^T M = I identity matrix"
   ]
  },
  {
   "cell_type": "code",
   "execution_count": 6,
   "metadata": {},
   "outputs": [
    {
     "name": "stdout",
     "output_type": "stream",
     "text": [
      "Determinant: \n",
      " -0.9999999999999988\n"
     ]
    }
   ],
   "source": [
    "print('Determinant: \\n',sp.linalg.det(M)) # det = -1 or det = 1"
   ]
  },
  {
   "cell_type": "markdown",
   "metadata": {},
   "source": [
    "### Generic random matrix\n",
    "Uniform distribution "
   ]
  },
  {
   "cell_type": "code",
   "execution_count": 7,
   "metadata": {},
   "outputs": [
    {
     "name": "stdout",
     "output_type": "stream",
     "text": [
      "Generic Random matrix: \n",
      " [[0.41908227 0.90879918 0.90517711]\n",
      " [0.10621073 0.18893167 0.05316389]\n",
      " [0.46584392 0.06136665 0.15892369]\n",
      " [0.75612558 0.37889772 0.76713678]\n",
      " [0.4421892  0.80553101 0.80139546]]\n"
     ]
    }
   ],
   "source": [
    "A= np.random.rand(5,3)\n",
    "print('Generic Random matrix: \\n',A)"
   ]
  },
  {
   "cell_type": "code",
   "execution_count": 8,
   "metadata": {},
   "outputs": [
    {
     "name": "stdout",
     "output_type": "stream",
     "text": [
      "Rank of A: 3\n"
     ]
    }
   ],
   "source": [
    "rk=np.linalg.matrix_rank(A)\n",
    "print('Rank of A:', rk)"
   ]
  },
  {
   "cell_type": "markdown",
   "metadata": {},
   "source": [
    "the vectors are not orthogonal"
   ]
  },
  {
   "cell_type": "code",
   "execution_count": 10,
   "metadata": {},
   "outputs": [
    {
     "name": "stdout",
     "output_type": "stream",
     "text": [
      "[[1.17117841 1.07220685 1.39344405]\n",
      " [1.07220685 1.65782069 1.77863644]\n",
      " [1.39344405 1.77863644 2.07816225]]\n"
     ]
    }
   ],
   "source": [
    "print(np.dot(A.T,A)) # to check orthogonality of columns"
   ]
  },
  {
   "cell_type": "code",
   "execution_count": 11,
   "metadata": {},
   "outputs": [
    {
     "name": "stdout",
     "output_type": "stream",
     "text": [
      "[[1.82089149 0.26433472 0.39485097 1.35561542 1.6427844 ]\n",
      " [0.26433472 0.0498023  0.06952073 0.1926784  0.24176086]\n",
      " [0.39485097 0.06952073 0.24603316 0.4974044  0.38278461]\n",
      " [1.35561542 0.1926784  0.4974044  1.30378823 1.25434437]\n",
      " [1.6427844  0.24176086 0.38278461 1.25434437 1.48664618]]\n"
     ]
    }
   ],
   "source": [
    "print(np.dot(A,A.T))"
   ]
  },
  {
   "cell_type": "markdown",
   "metadata": {},
   "source": [
    "to orthogonalize it we use the Gram-Schmidt procedure on a set of linearly independent vectors columns of a matrix"
   ]
  },
  {
   "cell_type": "code",
   "execution_count": 3,
   "metadata": {},
   "outputs": [],
   "source": [
    "def Gram_Schmidt(X):\n",
    "    (m,n) = X.shape\n",
    "    U = np.zeros((m,n))\n",
    "    R = np.zeros((n,n))\n",
    "    for i in range(n):\n",
    "        U[:,i] = X[:,i]\n",
    "        for j in range(i):\n",
    "            R[j,i] = np.dot(U[:,j], X[:,i])\n",
    "            U[:,i] = U[:,i] - R[j,i]*U[:,j]\n",
    "        R[i,i]= np.linalg.norm(U[:,i])   \n",
    "        U[:,i] = U[:,i]/R[i,i]\n",
    "    return (U,R)"
   ]
  },
  {
   "cell_type": "code",
   "execution_count": 20,
   "metadata": {},
   "outputs": [
    {
     "data": {
      "text/plain": [
       "array([[ 1,  0,  4],\n",
       "       [ 0,  0,  0],\n",
       "       [ 0,  1,  1],\n",
       "       [ 1, -1,  3]])"
      ]
     },
     "execution_count": 20,
     "metadata": {},
     "output_type": "execute_result"
    }
   ],
   "source": [
    "import numpy as np\n",
    "A = np.array( [[1, 0, 0, 1 ],[0,0,1,-1],[4,0,1,3]])\n",
    "A=A.T\n",
    "A"
   ]
  },
  {
   "cell_type": "code",
   "execution_count": 22,
   "metadata": {},
   "outputs": [
    {
     "name": "stdout",
     "output_type": "stream",
     "text": [
      "[[ 0.70710678  0.40824829  0.80949051]\n",
      " [ 0.          0.          0.        ]\n",
      " [ 0.          0.81649658  0.231283  ]\n",
      " [ 0.70710678 -0.40824829  0.53966034]]\n",
      "[[ 1.41421356e+00 -7.07106781e-01  4.94974747e+00]\n",
      " [ 0.00000000e+00  1.22474487e+00  1.22474487e+00]\n",
      " [ 0.00000000e+00  0.00000000e+00  1.44008380e-15]]\n"
     ]
    },
    {
     "data": {
      "text/plain": [
       "0.8164965809277261"
      ]
     },
     "execution_count": 22,
     "metadata": {},
     "output_type": "execute_result"
    }
   ],
   "source": [
    "(U,R) = Gram_Schmidt(A)\n",
    "print(U)\n",
    "print(R)\n",
    "2/np.sqrt(6)"
   ]
  },
  {
   "cell_type": "code",
   "execution_count": 14,
   "metadata": {},
   "outputs": [
    {
     "name": "stdout",
     "output_type": "stream",
     "text": [
      "[[ 1.00000000e+00  8.92935361e-17 -2.73388802e-16]\n",
      " [ 8.92935361e-17  1.00000000e+00 -8.93232930e-16]\n",
      " [-2.73388802e-16 -8.93232930e-16  1.00000000e+00]]\n"
     ]
    }
   ],
   "source": [
    "print(np.dot(U.T,U))# the columns are an an orthonormale set"
   ]
  },
  {
   "cell_type": "code",
   "execution_count": 15,
   "metadata": {},
   "outputs": [
    {
     "name": "stdout",
     "output_type": "stream",
     "text": [
      "[[ 0.56329434  0.06027437 -0.15967794  0.06204411  0.46153473]\n",
      " [ 0.06027437  0.45486323  0.37157178 -0.28169422  0.16405016]\n",
      " [-0.15967794  0.37157178  0.71402701  0.200527    0.02046288]\n",
      " [ 0.06204411 -0.28169422  0.200527    0.85221723  0.05030745]\n",
      " [ 0.46153473  0.16405016  0.02046288  0.05030745  0.41559819]]\n"
     ]
    }
   ],
   "source": [
    "print(np.dot(U,U.T)) # we have not the identity because the rows are not an orthonormal set"
   ]
  },
  {
   "cell_type": "code",
   "execution_count": 16,
   "metadata": {},
   "outputs": [
    {
     "name": "stdout",
     "output_type": "stream",
     "text": [
      "Rank of A: 3\n",
      "UB \n",
      " [[ 0.70460026 -0.70746799  0.05502283]\n",
      " [ 0.32172765  0.38760946  0.86385775]\n",
      " [ 0.63247908  0.59097204 -0.50072175]]\n",
      "RB \n",
      " [[ 1.40664673  0.76748641  0.53204352]\n",
      " [ 0.          0.49292025 -0.03015552]\n",
      " [ 0.          0.          0.03004695]]\n"
     ]
    }
   ],
   "source": [
    "B = np.random.rand(3,3)\n",
    "rk=np.linalg.matrix_rank(A)\n",
    "print('Rank of A:', rk)\n",
    "(UB,RB) = Gram_Schmidt(B)\n",
    "print('UB \\n',UB)\n",
    "print('RB \\n',RB)"
   ]
  },
  {
   "cell_type": "code",
   "execution_count": 34,
   "metadata": {},
   "outputs": [
    {
     "name": "stdout",
     "output_type": "stream",
     "text": [
      "[[ 1.00000000e+00  5.80097156e-17 -3.80296299e-16]\n",
      " [ 5.80097156e-17  1.00000000e+00 -8.70569713e-17]\n",
      " [-3.80296299e-16 -8.70569713e-17  1.00000000e+00]]\n"
     ]
    }
   ],
   "source": [
    "print(np.dot(UB.T,UB))"
   ]
  },
  {
   "cell_type": "code",
   "execution_count": 17,
   "metadata": {},
   "outputs": [
    {
     "name": "stdout",
     "output_type": "stream",
     "text": [
      "[[ 1.00000000e+00 -1.40361737e-15  8.85238792e-16]\n",
      " [-1.40361737e-15  1.00000000e+00 -2.93737222e-16]\n",
      " [ 8.85238792e-16 -2.93737222e-16  1.00000000e+00]]\n"
     ]
    }
   ],
   "source": [
    "print(np.dot(UB,UB.T))"
   ]
  },
  {
   "cell_type": "code",
   "execution_count": 21,
   "metadata": {},
   "outputs": [
    {
     "name": "stdout",
     "output_type": "stream",
     "text": [
      "B \n",
      " [[0.99112365 0.19204583 0.39786534]\n",
      " [0.45255715 0.43798216 0.18544084]\n",
      " [0.88967463 0.77672118 0.30364016]]\n",
      "B-np.dot(UB,RB) \n",
      " [[-1.11022302e-16  0.00000000e+00  0.00000000e+00]\n",
      " [ 0.00000000e+00  0.00000000e+00  2.77555756e-17]\n",
      " [ 0.00000000e+00  0.00000000e+00 -5.55111512e-17]]\n"
     ]
    }
   ],
   "source": [
    "print('B \\n',B)\n",
    "print('B-np.dot(UB,RB) \\n', B-np.dot(UB,RB))"
   ]
  },
  {
   "cell_type": "markdown",
   "metadata": {},
   "source": [
    "To generate an orthogonal basis we use the QR factorization"
   ]
  },
  {
   "cell_type": "code",
   "execution_count": 22,
   "metadata": {},
   "outputs": [
    {
     "name": "stdout",
     "output_type": "stream",
     "text": [
      "Q: \n",
      " [[-0.70460026  0.70746799 -0.05502283]\n",
      " [-0.32172765 -0.38760946 -0.86385775]\n",
      " [-0.63247908 -0.59097204  0.50072175]]\n",
      "R: \n",
      " [[-1.40664673 -0.76748641 -0.53204352]\n",
      " [ 0.         -0.49292025  0.03015552]\n",
      " [ 0.          0.         -0.03004695]]\n"
     ]
    }
   ],
   "source": [
    "(Q,R)=np.linalg.qr(B)\n",
    "print('Q: \\n',Q)\n",
    "print('R: \\n',R)"
   ]
  },
  {
   "cell_type": "code",
   "execution_count": 23,
   "metadata": {},
   "outputs": [
    {
     "name": "stdout",
     "output_type": "stream",
     "text": [
      "[[ 1.40664673  0.76748641  0.53204352]\n",
      " [ 0.          0.49292025 -0.03015552]\n",
      " [ 0.          0.          0.03004695]]\n",
      "[[ 0.70460026 -0.70746799  0.05502283]\n",
      " [ 0.32172765  0.38760946  0.86385775]\n",
      " [ 0.63247908  0.59097204 -0.50072175]]\n"
     ]
    }
   ],
   "source": [
    "print(RB)\n",
    "print(UB)"
   ]
  }
 ],
 "metadata": {
  "anaconda-cloud": {},
  "kernelspec": {
   "display_name": "Python 3",
   "language": "python",
   "name": "python3"
  },
  "language": "fsharp",
  "language_info": {
   "codemirror_mode": {
    "name": "ipython",
    "version": 3
   },
   "file_extension": ".py",
   "mimetype": "text/x-python",
   "name": "python",
   "nbconvert_exporter": "python",
   "pygments_lexer": "ipython3",
   "version": "3.7.6"
  }
 },
 "nbformat": 4,
 "nbformat_minor": 4
}
